0.160 2.73E-1 1.08E+0
0.200 3.74E-1 1.22E+0
0.240 4.54E-1 1.34E+0
0.280 5.46E-1 1.45E+0
0.320 6.43E-1 1.55E+0
0.360 7.36E-1 1.61E+0
0.400 8.24E-1 1.67E+0
0.440 9.12E-1 1.71E+0
0.480 9.91E-1 1.73E+0
0.520 1.09E+0 1.74E+0
0.560 1.18E+0 1.73E+0
0.600 1.26E+0 1.70E+0
0.640 1.36E+0 1.65E+0
0.680 1.44E+0 1.60E+0
0.720 1.53E+0 1.52E+0
0.760 1.62E+0 1.43E+0
0.800 1.70E+0 1.33E+0
0.840 1.79E+0 1.19E+0
0.880 1.87E+0 1.06E+0
0.920 1.96E+0 8.99E-1
0.960 2.05E+0 7.31E-1
1.000 2.14E+0 5.51E-1
1.040 2.22E+0 3.57E-1
1.080 2.31E+0 1.32E-1
